rhs=[
0
0
0
0
0
0
0
0
0
0
0
0
0
0
0
0
0
0
0
0
0
0
0
0
0
0
0
0
0
0
0
0
0
0
0
0
0
0
0
0
0
0.00125
0.002499999999999999
0.002499999999999999
0.002499999999999999
0.002499999999999999
0.002500000000000002
0.002499999999999999
0.002499999999999999
0.002499999999999999
0.002499999999999999
0.002500000000000002
0.002499999999999999
0.002499999999999999
0.002499999999999999
0.002499999999999999
0.002500000000000002
0.002499999999999999
0.002499999999999999
0.002499999999999999
0.002499999999999999
0.002500000000000002
0.002500000000000002
0.002499999999999997
0.002499999999999997
0.002500000000000002
0.002500000000000002
0.002500000000000002
0.002499999999999997
0.002499999999999997
0.002500000000000002
0.002500000000000002
0.002500000000000002
0.002499999999999997
0.002499999999999997
0.002500000000000002
0.002500000000000002
0.002500000000000002
0.002499999999999997
0.002499999999999997
0.002500000000000002
0.001250000000000001
0.001250000000000001
0.002499999999999999
0.002499999999999998
0.002499999999999999
0.002499999999999998
0.002500000000000001
0.002499999999999999
0.002499999999999998
0.002499999999999999
0.002499999999999998
0.002500000000000001
0.002499999999999999
0.002499999999999998
0.002499999999999999
0.002499999999999998
0.002500000000000001
0.002499999999999999
0.002499999999999998
0.002499999999999999
0.002499999999999998
0.002500000000000001
0.002500000000000001
0.002499999999999996
0.002499999999999996
0.002500000000000001
0.002500000000000001
0.002500000000000001
0.002499999999999996
0.002499999999999996
0.002500000000000001
0.002500000000000001
0.002500000000000001
0.002499999999999996
0.002499999999999996
0.002500000000000001
0.002500000000000001
0.002500000000000001
0.002499999999999996
0.002499999999999996
0.002500000000000001
0.00125
0.00125
0.002499999999999999
0.002499999999999999
0.002499999999999999
0.002499999999999999
0.002500000000000002
0.002499999999999999
0.002499999999999999
0.002499999999999999
0.002499999999999999
0.002500000000000002
0.002499999999999999
0.002499999999999999
0.002499999999999999
0.002499999999999999
0.002500000000000002
0.002499999999999999
0.002499999999999999
0.002499999999999999
0.002499999999999999
0.002500000000000002
0.002500000000000002
0.002499999999999997
0.002499999999999997
0.002500000000000002
0.002500000000000002
0.002500000000000002
0.002499999999999997
0.002499999999999997
0.002500000000000002
0.002500000000000002
0.002500000000000002
0.002499999999999997
0.002499999999999997
0.002500000000000002
0.002500000000000002
0.002500000000000002
0.002499999999999997
0.002499999999999997
0.002500000000000002
0.001250000000000001
0.001250000000000001
0.002499999999999999
0.002499999999999998
0.002499999999999999
0.002499999999999998
0.002500000000000001
0.002499999999999999
0.002499999999999998
0.002499999999999999
0.002499999999999998
0.002500000000000001
0.002499999999999999
0.002499999999999998
0.002499999999999999
0.002499999999999998
0.002500000000000001
0.002499999999999999
0.002499999999999998
0.002499999999999999
0.002499999999999998
0.002500000000000001
0.002500000000000001
0.002499999999999996
0.002499999999999996
0.002500000000000001
0.002500000000000001
0.002500000000000001
0.002499999999999996
0.002499999999999996
0.002500000000000001
0.002500000000000001
0.002500000000000001
0.002499999999999996
0.002499999999999996
0.002500000000000001
0.002500000000000001
0.002500000000000001
0.002499999999999996
0.002499999999999996
0.002500000000000001
0.00125
0.001250000000000002
0.002500000000000002
0.002500000000000001
0.002500000000000002
0.002500000000000001
0.002500000000000004
0.002500000000000002
0.002500000000000001
0.002500000000000002
0.002500000000000001
0.002500000000000004
0.002500000000000002
0.002500000000000001
0.002500000000000002
0.002500000000000001
0.002500000000000004
0.002500000000000002
0.002500000000000001
0.002500000000000002
0.002500000000000001
0.002500000000000004
0.002500000000000004
0.002499999999999999
0.002499999999999999
0.002500000000000004
0.002500000000000004
0.002500000000000004
0.002499999999999999
0.002499999999999999
0.002500000000000004
0.002500000000000004
0.002500000000000004
0.002499999999999999
0.002499999999999999
0.002500000000000004
0.002500000000000004
0.002500000000000004
0.002499999999999999
0.002499999999999999
0.002500000000000004
0.001250000000000002
0.00125
0.002499999999999999
0.002499999999999999
0.002499999999999999
0.002499999999999999
0.002500000000000002
0.002499999999999999
0.002499999999999999
0.002499999999999999
0.002499999999999999
0.002500000000000002
0.002499999999999999
0.002499999999999999
0.002499999999999999
0.002499999999999999
0.002500000000000002
0.002499999999999999
0.002499999999999999
0.002499999999999999
0.002499999999999999
0.002500000000000002
0.002500000000000002
0.002499999999999997
0.002499999999999997
0.002500000000000002
0.002500000000000002
0.002500000000000002
0.002499999999999997
0.002499999999999997
0.002500000000000002
0.002500000000000002
0.002500000000000002
0.002499999999999997
0.002499999999999997
0.002500000000000002
0.002500000000000002
0.002500000000000002
0.002499999999999997
0.002499999999999997
0.002500000000000002
0.001250000000000001
0.001250000000000001
0.002499999999999999
0.002499999999999998
0.002499999999999999
0.002499999999999998
0.002500000000000001
0.002499999999999999
0.002499999999999998
0.002499999999999999
0.002499999999999998
0.002500000000000001
0.002499999999999999
0.002499999999999998
0.002499999999999999
0.002499999999999998
0.002500000000000001
0.002499999999999999
0.002499999999999998
0.002499999999999999
0.002499999999999998
0.002500000000000001
0.002500000000000001
0.002499999999999996
0.002499999999999996
0.002500000000000001
0.002500000000000001
0.002500000000000001
0.002499999999999996
0.002499999999999996
0.002500000000000001
0.002500000000000001
0.002500000000000001
0.002499999999999996
0.002499999999999996
0.002500000000000001
0.002500000000000001
0.002500000000000001
0.002499999999999996
0.002499999999999996
0.002500000000000001
0.00125
0.00125
0.002499999999999999
0.002499999999999999
0.002499999999999999
0.002499999999999999
0.002500000000000002
0.002499999999999999
0.002499999999999999
0.002499999999999999
0.002499999999999999
0.002500000000000002
0.002499999999999999
0.002499999999999999
0.002499999999999999
0.002499999999999999
0.002500000000000002
0.002499999999999999
0.002499999999999999
0.002499999999999999
0.002499999999999999
0.002500000000000002
0.002500000000000002
0.002499999999999997
0.002499999999999997
0.002500000000000002
0.002500000000000002
0.002500000000000002
0.002499999999999997
0.002499999999999997
0.002500000000000002
0.002500000000000002
0.002500000000000002
0.002499999999999997
0.002499999999999997
0.002500000000000002
0.002500000000000002
0.002500000000000002
0.002499999999999997
0.002499999999999997
0.002500000000000002
0.001250000000000001
0.001250000000000001
0.002499999999999999
0.002499999999999998
0.002499999999999999
0.002499999999999998
0.002500000000000001
0.002499999999999999
0.002499999999999998
0.002499999999999999
0.002499999999999998
0.002500000000000001
0.002499999999999999
0.002499999999999998
0.002499999999999999
0.002499999999999998
0.002500000000000001
0.002499999999999999
0.002499999999999998
0.002499999999999999
0.002499999999999998
0.002500000000000001
0.002500000000000001
0.002499999999999996
0.002499999999999996
0.002500000000000001
0.002500000000000001
0.002500000000000001
0.002499999999999996
0.002499999999999996
0.002500000000000001
0.002500000000000001
0.002500000000000001
0.002499999999999996
0.002499999999999996
0.002500000000000001
0.002500000000000001
0.002500000000000001
0.002499999999999996
0.002499999999999996
0.002500000000000001
0.00125
0.001250000000000002
0.002500000000000002
0.002500000000000001
0.002500000000000002
0.002500000000000001
0.002500000000000004
0.002500000000000002
0.002500000000000001
0.002500000000000002
0.002500000000000001
0.002500000000000004
0.002500000000000002
